{"metadata":{"version":4.3,"type":"Object","generator":"ObjectExporter"},"geometries":[{"uuid":"187b095b-9b1c-4b4c-8070-de59d10f1ea0","type":"Geometry","data":{"vertices":[],"normals":[],"faces":[]}},{"uuid":"1b49d7ef-c64e-4e40-ab73-48130b71f6a9","type":"Geometry","data":{"vertices":[],"normals":[],"faces":[]}},{"uuid":"e021061f-4661-4b09-a603-5f76c64c7fce","type":"Geometry","data":{"vertices":[],"normals":[],"faces":[]}}],"materials":[{"uuid":"EEDFC1DD-1447-4F6E-8F01-B972B2C5B693","type":"MeshBasicMaterial","color":12940361,"opacity":1,"transparent":false,"wireframe":false},{"uuid":"91496B2F-50AA-4F2F-92F4-D1CC4E7E7837","type":"MeshBasicMaterial","color":8861190,"opacity":1,"transparent":false,"wireframe":false},{"uuid":"71ADE5E6-94ED-4AB8-93F4-03550D50158D","type":"MeshBasicMaterial","color":4778118,"opacity":1,"transparent":false,"wireframe":false}],"object":{"uuid":"D8C9A094-15DE-40D4-9358-5BF2CB07C06B","type":"Scene","matrix":[1,0,0,0,0,1,0,0,0,0,1,0,0,0,0,1],"children":[{"uuid":"6df38b31-ab21-4c9f-ae4c-167408abd241","name":"chair_root","type":"Mesh","geometry":"187b095b-9b1c-4b4c-8070-de59d10f1ea0","material":"EEDFC1DD-1447-4F6E-8F01-B972B2C5B693","castShadow":false,"receiveShadow":false,"matrix":[0.009999999776482582,0,0,0,0,0.009999999776482582,0,0,0,0,0.009999999776482582,0,0,0,0,1]},{"uuid":"a135f20b-ee45-4af7-b49d-f041d9667041","name":"LightPreset","type":"Mesh","geometry":"1b49d7ef-c64e-4e40-ab73-48130b71f6a9","material":"91496B2F-50AA-4F2F-92F4-D1CC4E7E7837","castShadow":false,"receiveShadow":false,"matrix":[1,0,0,0,0,1,0,0,0,0,1,0,0,0,-0.013577304780483246,1],"children":[{"uuid":"695e3078-9c3e-4a34-b840-32aa418cce12","name":"BackLight","type":"DirectionalLight","color":7838134,"intensity":0.75,"castShadow":true,"shadowBias":0,"shadowDarkness":0.1,"shadowCameraNear":4.3399,"shadowCameraFar":17.3594,"shadowMapWidth":1024,"shadowMapHeight":1024,"shadowCameraLeft":-0.7517,"shadowCameraRight":0.7517,"shadowCameraTop":0.7517,"shadowCameraBottom":-0.7517,"matrix":[-0.11775826662778854,0.794736385345459,0.5954217910766602,0,0.794736385345459,0.4349351227283478,-0.42335033416748047,0,-0.5954217910766602,0.42335036396980286,-0.682823121547699,0,-5.168087959289551,3.67455792427063,-5.926706314086914,1]},{"uuid":"e4e72a9a-2eaa-418a-a751-bb4249a8797c","name":"FillLight","type":"DirectionalLight","color":15062196,"intensity":0.85,"castShadow":true,"shadowBias":0,"shadowDarkness":0.1,"shadowCameraNear":8.3384,"shadowCameraFar":33.3538,"shadowMapWidth":1024,"shadowMapHeight":1024,"shadowCameraLeft":-0.7517,"shadowCameraRight":0.7517,"shadowCameraTop":0.7517,"shadowCameraBottom":-0.7517,"matrix":[0.3981274366378784,-0.48951199650764465,-0.7758044600486755,0,-0.48951196670532227,0.6018725633621216,-0.6309733986854553,0,0.7758044600486755,0.6309733986854553,9.919908450228831e-9,0,12.937997817993164,10.52266788482666,0,1]},{"uuid":"93c127f6-0f81-44b1-bb63-4199c1c94cfb","name":"KeyLight","type":"DirectionalLight","color":16776180,"intensity":1,"castShadow":true,"shadowBias":0,"shadowDarkness":0.1,"shadowCameraNear":4.3399,"shadowCameraFar":17.3594,"shadowMapWidth":1024,"shadowMapHeight":1024,"shadowCameraLeft":-0.7517,"shadowCameraRight":0.7517,"shadowCameraTop":0.7517,"shadowCameraBottom":-0.7517,"matrix":[0.8176450133323669,0.22988826036453247,0.5278332829475403,0,0.22988823056221008,0.7101882696151733,-0.6654201745986938,0,-0.5278332829475403,0.6654201745986938,0.5278332829475403,0,-4.58143949508667,5.775653839111328,4.58143949508667,1]}]},{"uuid":"62e11c22-a0bb-427b-9115-b490679e641a","name":"CameraPreset","type":"Mesh","geometry":"e021061f-4661-4b09-a603-5f76c64c7fce","material":"71ADE5E6-94ED-4AB8-93F4-03550D50158D","castShadow":false,"receiveShadow":false,"matrix":[1,0,0,0,0,1,0,0,0,0,1,0,0,0,-0.013577304780483246,1],"children":[{"uuid":"e149e329-0f39-49c5-b177-a8875927dbaf","name":"TurnTableCamera","type":"PerspectiveCamera","fov":45,"aspect":1.7778,"near":0.1,"far":50000,"matrix":[0.8660253882408142,-9.664687938837346e-10,0.5,0,0.25,0.8660253882408142,-0.4330126941204071,0,-0.4330126941204071,0.5,0.75,0,-0.5602362751960754,0.6469051241874695,0.9703576564788818,1]}]},{"uuid":"8a62bd16-2799-4ed6-914b-be574a63f427","name":"Camera","type":"PerspectiveCamera","fov":45,"aspect":1.7778,"near":0.1,"far":50000,"matrix":[0.42009660601615906,0.7941280603408813,0.4391804039478302,0,-0.8666492700576782,0.49461600184440613,-0.06537643820047379,0,-0.26914292573928833,-0.35315096378326416,0.8960170149803162,0,0,0,0,1]}]},"images":[],"textures":[]}